Gene_id	/proj/uppstore2017145/V2/Ulrika_proj_1/sRNA_data/P7854_101_S16.fa_count.m	/proj/uppstore2017145/V2/Ulrika_proj_1/sRNA_data/P7854_102_S17.fa_count.m	/proj/uppstore2017145/V2/Ulrika_proj_1/sRNA_data/P7854_103_S18.fa_count.m	/proj/uppstore2017145/V2/Ulrika_proj_1/sRNA_data/P7854_104_S19.fa_count.m	/proj/uppstore2017145/V2/Ulrika_proj_1/sRNA_data/P7854_105_S20.fa_count.m	/proj/uppstore2017145/V2/Ulrika_proj_1/sRNA_data/P7854_106_S21.fa_count.m	/proj/uppstore2017145/V2/Ulrika_proj_1/sRNA_data/P7854_107_S22.fa_count.m	/proj/uppstore2017145/V2/Ulrika_proj_1/sRNA_data/P7854_108_S23.fa_count.m	/proj/uppstore2017145/V2/Ulrika_proj_1/sRNA_data/P7854_109_S24.fa_count.m	/proj/uppstore2017145/V2/Ulrika_proj_1/sRNA_data/P7854_110_S25.fa_count.m	/proj/uppstore2017145/V2/Ulrika_proj_1/sRNA_data/P7854_111_S26.fa_count.m	/proj/uppstore2017145/V2/Ulrika_proj_1/sRNA_data/P7854_112_S27.fa_count.m	/proj/uppstore2017145/V2/Ulrika_proj_1/sRNA_data/P7854_113_S28.fa_count.m	/proj/uppstore2017145/V2/Ulrika_proj_1/sRNA_data/P7854_114_S29.fa_count.m	/proj/uppstore2017145/V2/Ulrika_proj_1/sRNA_data/P7854_115_S30.fa_count.m	/proj/uppstore2017145/V2/Ulrika_proj_1/sRNA_data/P7854_116_S31.fa_count.m	/proj/uppstore2017145/V2/Ulrika_proj_1/sRNA_data/P7854_117_S32.fa_count.m	/proj/uppstore2017145/V2/Ulrika_proj_1/sRNA_data/P7854_118_S33.fa_count.m	/proj/uppstore2017145/V2/Ulrika_proj_1/sRNA_data/P7854_119_S34.fa_count.m	/proj/uppstore2017145/V2/Ulrika_proj_1/sRNA_data/P7854_121_S36.fa_count.m	/proj/uppstore2017145/V2/Ulrika_proj_1/sRNA_data/P7854_122_S37.fa_count.m	/proj/uppstore2017145/V2/Ulrika_proj_1/sRNA_data/P7854_123_S38.fa_count.m	/proj/uppstore2017145/V2/Ulrika_proj_1/sRNA_data/P7854_124_S39.fa_count.m	Mean	Median	Variance	CV2
Picea_mature_1388	1	6	3	1	0	0	0	6	9	43	36	68	10	36	15	21	16	0	7	9	29	21	41	16.4347826086957	9	324.166007905138	1.20016109698649
Picea_mature_654	98	79	56	50	22	6	0	351	489	808	951	1089	229	470	170	110	136	4	6	38	204	421	404	269.173913043478	136	98975.4229249012	1.36603375247959
Picea_mature_3020	97	84	117	126	74	12	1	119	135	201	172	318	774	624	375	183	185	3	133	610	114	184	99	206.086956521739	133	41887.9920948616	0.986253441319136
Picea_mature_3268	0	0	0	0	0	0	0	0	0	0	1	1	0	0	0	0	7	0	1	3	195	205	192	26.304347826087	0	4593.67588932806	6.63903980726602
Picea_mature_3434	58	40	22	22	10	2	0	135	276	317	210	125	498	341	110	40	204	0	179	436	195	243	79	154	125	20919.8181818182	0.882097241601374
Picea_mature_2417	47	50	52	186	64	13	0	39	52	37	32	22	3	12	8	7	1	0	0	6	5	9	6	28.304347826087	12	1608.85770750988	2.00822019597105
Picea_mature_401	2	2	3	4	2	2	0	56	102	188	250	392	82	230	112	85	120	24	116	266	597	762	513	170	102	44508.7272727273	1.54009436929852
Picea_mature_2663	91	92	82	375	251	35	0	124	87	53	107	115	192	414	155	2119	2760	364	3	14	20	33	19	326.304347826087	92	468383.221343873	4.39901667315566
Picea_mature_3740	2	2	6	1	0	0	0	3	9	9	16	30	28	28	15	4	43	0	10	65	65	118	120	24.9565217391304	9	1253.58893280632	2.01273702926631
Picea_mature_2104	5	1	2	10	3	0	0	10	5	3	6	5	1	10	1	5	125	3	0	1	5	3	0	8.8695652173913	3	650.936758893281	8.27435470623187
Picea_mature_3455	0	0	0	1	0	0	0	0	2	8	13	8	8	0	1	3	1	0	17	5	101	71	102	14.8260869565217	1	967.332015810277	4.4007072209874
Picea_mature_1986	0	0	0	0	0	0	0	0	0	0	0	0	1	0	0	0	101	7	0	0	0	0	0	4.73913043478261	0	442.474308300395	19.7011117827548
Picea_mature_4000	10	9	10	8	4	1	0	23	20	30	45	46	13	27	27	13	32	4	2	18	79	95	60	25.0434782608696	18	633.498023715415	1.01008045954335
Picea_mature_3860	47	50	41	40	35	7	0	201	141	320	217	271	276	335	138	166	319	11	264	142	359	319	658	189.434782608696	166	25338.9841897233	0.706105757513486
Picea_mature_1112	572	428	232	295	91	12	0	610	1635	3267	2710	2912	236	602	218	293	454	5	65	254	1667	2995	3662	1009.34782608696	428	1488891.05533597	1.46144076374292
Picea_mature_1593	0	0	0	0	0	0	0	5	5	14	8	13	29	17	4	1	13	0	3	22	16	11	3	7.1304347826087	4	68.3913043478261	1.34514425936942
Picea_mature_4007	119	121	122	89	35	17	0	319	784	1828	1488	2171	633	1034	580	468	638	133	168	346	2119	1515	2543	750.869565217391	468	632780.300395257	1.12233872297333
Picea_mature_4084	18	11	16	41	5	0	0	28	10	12	13	14	60	54	27	169	122	7	0	2	1	2	3	26.7391304347826	12	1732.38339920949	2.42297790516708
Picea_mature_3103	1	0	0	0	0	0	0	4	9	160	83	175	33	137	35	28	48	0	10	14	212	280	302	66.5652173913043	14	9105.25691699605	2.05493218918357
Picea_mature_2054	61	48	28	21	8	3	0	19	38	24	24	28	15	35	4	8	18	2	11	46	160	165	151	39.8695652173913	24	2464.75494071146	1.55056774869973
Picea_mature_1086	14	19	18	5	1	0	1	97	531	639	675	840	1685	1086	647	172	717	17	1088	2322	218	251	100	484.478260869565	218	370019.442687747	1.57643459048924
Picea_mature_1418	0	1	1	0	1	0	0	1	4	8	30	32	5	15	16	10	11	1	2	3	73	65	79	15.5652173913043	4	589.620553359684	2.43367304958704
Picea_mature_3254	0	0	0	1	0	0	0	14	23	76	60	54	2	2	3	1	1	0	0	0	6	9	7	11.2608695652174	1	467.565217391304	3.68721396520624
Picea_mature_2511	11	2	1	4	2	1	0	8	6	1	4	4	2	8	5	0	6	0	0	70	9	58	2	8.8695652173913	4	315.845849802372	4.01486098004264
Picea_mature_583	1	0	0	1	0	0	0	0	0	1	1	1	0	1	0	2	446	62	1	0	1	0	0	22.5217391304348	0	8686.62450592886	17.1256554152307
Picea_mature_223	0	0	0	0	0	0	0	0	0	0	0	0	1	0	0	0	0	0	1	0	15	58	12	3.78260869565217	0	154.814229249012	10.820019457356
Picea_mature_13	64	33	35	53	16	5	0	88	167	352	353	392	100	203	88	94	140	0	111	161	1193	987	1551	268.95652173913	100	168736.134387352	2.33261968456533
Picea_mature_2643	63	90	81	101	83	77	0	35	11	10	3	6	2	1	1	4	1	3	1	0	2	11	2	25.5652173913043	4	1284.98418972332	1.96606921989575
Picea_mature_1736	1	3	1	3	0	0	0	4	4	5	6	7	6	10	6	1	43	3	19	37	12	14	25	9.1304347826087	5	135.02766798419	1.61971964543393
Picea_mature_2464	0	0	0	1	0	0	0	1	2	16	35	67	21	25	11	10	19	1	20	9	29	24	28	13.8695652173913	10	267.391304347826	1.39002171755388
Picea_mature_2252	7	9	10	23	9	11	0	3	3	1	0	0	1	0	0	0	0	0	0	0	2	0	0	3.43478260869565	0	32.4387351778656	2.7495739319165
Picea_mature_2113	3	0	1	0	0	1	0	0	2	11	15	24	4	8	4	1	4	0	12	3	4	1	3	4.39130434782609	3	35.703557312253	1.85150297207939
Picea_mature_2165	54	50	46	36	17	1	0	114	129	187	145	189	213	314	116	41	112	9	140	265	351	519	139	138.565217391304	116	16468.0750988142	0.857697973408477
Picea_mature_681	0	0	3	0	0	0	0	6	7	15	15	23	8	18	10	9	5	10	0	4	30	25	17	8.91304347826087	7	80.4466403162056	1.01264182575307
Picea_mature_4064	9	6	1	6	3	0	0	9	20	33	35	39	17	34	22	11	20	0	4	21	16	10	13	14.304347826087	11	145.675889328063	0.711953376766156
Picea_mature_3701	33	31	21	23	17	3	0	74	164	260	267	316	124	136	55	56	53	0	48	126	307	288	408	122.173913043478	56	15263.8774703557	1.02260497990377
Picea_mature_87	5	9	13	39	18	4	0	13	11	16	18	20	48	70	51	546	428	60	1	5	3	5	0	60.1304347826087	13	18864.1185770751	5.21732426299975
Picea_mature_3924	15	12	5	12	4	1	0	19	29	59	55	55	85	72	25	16	14	1	17	63	70	88	61	33.8260869565217	19	867.332015810277	0.758022079492662
Picea_mature_1663	133	110	120	209	101	1	0	57	20	6	15	5	3	7	5	5	20	0	1	2	5	18	5	36.8695652173913	6	3255.84584980237	2.39512289536069
Picea_mature_2627	0	0	0	0	0	0	0	1	0	0	0	0	1	1	0	0	1	0	26	12	32	106	25	8.91304347826087	0	540.083003952569	6.79842734303175
Picea_mature_3845	13	9	13	62	38	6	0	13	5	7	12	12	22	32	10	291	200	63	0	0	2	5	2	35.5217391304348	12	4888.35177865613	3.87412839898349
Picea_mature_1613	41	24	37	33	27	5	0	78	57	127	90	140	186	185	119	73	152	22	56	129	48	149	104	81.8260869565217	73	3255.96837944664	0.486291425995384
Picea_mature_2637	0	1	0	0	0	0	0	49	135	582	620	682	131	165	132	66	77	3	15	32	51	50	71	124.434782608696	50	42556.256916996	2.74839933823953
Picea_mature_2103	0	0	0	0	0	0	0	0	0	1	0	1	0	2	0	0	2	0	0	4	35	66	70	7.8695652173913	0	412.845849802372	6.6663244267713
Picea_mature_2864	51	27	22	31	13	0	1	8	3	4	11	7	9	15	4	315	528	6	0	0	3	2	0	46.0869565217391	7	15215.0830039526	7.16338457555261
Picea_mature_3346	6	0	3	7	2	2	0	6	8	11	9	6	19	19	8	7	7	0	8	11	6	10	4	6.91304347826087	7	25.5375494071146	0.534368246365398
Picea_mature_470	7	5	5	14	3	0	0	17	15	22	22	36	18	18	11	12	11	0	8	22	82	115	124	24.6521739130435	14	1182.32806324111	1.94548350162695
Picea_mature_3728	0	0	0	0	0	0	0	0	0	0	0	0	0	0	0	0	1	0	0	0	13	43	22	3.43478260869565	0	101.438735177866	8.59815588993605
Picea_mature_2080	1	1	1	0	1	0	0	0	3	9	7	12	4	13	9	2	53	0	7	6	74	75	76	15.3913043478261	4	676.339920948617	2.85505297154249
Picea_mature_1223	1	0	1	0	0	0	0	1	1	1	3	1	1	2	0	2	1	0	1	9	272	133	113	23.6086956521739	1	4169.52173913043	7.48070029065725
Picea_mature_3043	0	0	0	0	0	0	0	0	0	0	1	0	1	1	0	0	2	0	2	1	40	39	57	6.26086956521739	0	249.110671936759	6.35510925224467
Picea_mature_1745	0	0	0	0	0	0	0	0	1	9	10	17	49	22	5	16	11	1	3	27	2	2	1	7.65217391304348	2	143.600790513834	2.45237662002254
Picea_mature_3422	5	3	3	9	2	0	0	4	1	5	1	3	19	14	8	49	43	0	0	1	0	1	0	7.43478260869565	3	171.893280632411	3.10972762403972
Picea_mature_3213	32	35	33	35	16	3	0	50	27	82	88	152	113	88	68	69	356	26	96	87	60	80	117	74.4782608695652	68	5265.0790513834	0.949174019416719
Picea_mature_2787	112	88	109	124	39	9	0	126	129	78	73	77	68	82	41	17	37	4	7	16	51	112	96	65	73	1872.72727272727	0.443249058633674
Picea_mature_2837	176	169	150	138	36	8	0	133	30	11	8	9	2	4	2	4	10	0	1	2	16	15	12	40.695652173913	10	3817.0395256917	2.304786129706
Picea_mature_2957	45	17	14	20	3	1	0	32	54	99	158	140	7	36	15	14	18	0	1	6	40	103	90	39.695652173913	18	2155.40316205534	1.36786309558929
Picea_mature_211	54	41	41	37	29	3	1	334	332	289	251	486	968	655	245	250	474	30	1305	4540	745	1336	1124	590	289	919944	2.64275782821028
Picea_mature_987	0	1	1	0	2	1	0	0	0	1	4	2	9	9	3	1	26	2	0	109	70	101	35	16.3913043478261	2	1041.24901185771	3.87549850679824
Picea_mature_686	3	0	0	0	0	0	0	0	2	14	11	13	13	16	4	7	31	1	36	140	111	184	190	33.7391304347826	7	3588.29249011858	3.1522457342583
Picea_mature_783	11	18	18	10	4	0	0	28	37	52	43	67	26	37	21	18	69	7	20	62	703	739	734	118.434782608696	26	58200.6205533597	4.14924501423245
Picea_mature_1756	0	0	1	0	0	0	0	2	6	35	26	28	10	21	25	7	8	0	1	1	2	0	3	7.65217391304348	2	121.509881422925	2.07511387114951
Picea_mature_1027	101	73	64	72	48	5	0	94	134	210	165	177	280	288	72	67	171	3	67	106	174	272	235	125.130434782609	101	7815.30039525692	0.499137004585711
Picea_mature_989	366	260	240	180	83	11	2	736	1209	2974	2014	3918	2013	2521	741	429	496	12	201	283	519	685	629	892.260869565217	496	1131098.83794466	1.4207473729936
Picea_mature_1285	1	0	0	0	0	1	1	76	75	540	676	762	458	616	181	215	754	5	462	469	242	465	373	277.04347826087	215	75426.0434782609	0.982710202435404
Picea_mature_1457	0	0	0	0	0	0	0	0	0	2	3	1	0	0	1	1	2	1	0	0	14	76	4	4.56521739130435	0	251.347826086957	12.0601360544218
Picea_mature_817	91	102	72	92	39	17	0	56	18	3	1	3	0	1	0	0	1	0	1	0	3	4	3	22.0434782608696	3	1203.77075098814	2.47732816417386
Picea_mature_2220	13	9	15	7	1	1	0	12	13	27	40	50	11	37	10	33	99	11	2	2	40	76	57	24.6086956521739	13	680.612648221344	1.12388745929245
Picea_mature_4008	15	3	10	4	1	0	0	4	6	11	8	11	0	6	2	0	6	0	4	0	24	43	42	8.69565217391304	4	147.766798418972	1.95421590909091
Picea_mature_3132	1	1	4	0	0	0	0	0	0	13	39	21	8	40	6	13	7	3	1	9	134	564	183	45.5217391304348	6	14819.8972332016	7.15167056315323
Picea_mature_1366	1	3	0	2	1	7	0	3	1	1	2	5	0	2	0	3	16	20	3	3	23	15	29	6.08695652173913	3	69.7193675889328	1.88171150278293
Picea_mature_3196	239	180	189	193	80	12	0	367	358	880	512	628	182	346	168	275	497	5	5	29	135	263	202	249.782608695652	193	48209.1778656127	0.772690070403191
Picea_mature_2935	208	169	195	262	101	34	1	365	552	1480	1354	1416	87	208	126	151	330	42	846	113	3490	2169	24676	1668.47826086957	208	25879408.8972332	9.29636672669978
Picea_mature_1527	1	2	0	0	0	1	0	14	18	44	46	60	1	17	5	2	1	0	21	12	2539	2302	3834	387.826086956522	5	1045225.24110672	6.94921666112146
Picea_mature_3676	28	16	16	4	2	0	0	33	35	199	215	148	42	97	37	34	42	0	14	14	141	236	195	67.304347826087	34	6210.40316205534	1.37098768467076
Picea_mature_2739	6	3	2	1	3	0	0	6	29	52	65	45	61	67	23	6	104	6	16	21	15	18	15	24.5217391304348	15	779.897233201581	1.29698467243737
Picea_mature_846	0	0	0	0	0	0	0	0	0	3	1	5	0	4	1	1	8	4	0	24	0	0	0	2.21739130434783	0	27.0869565217391	5.50903498654363
Picea_mature_69	0	0	0	0	0	0	0	0	0	0	0	0	0	1	0	0	1	0	0	0	55	28	35	5.21739130434783	0	200.450592885375	7.36377525252525
Picea_mature_1537	9	4	2	8	5	0	0	1	2	5	15	14	11	16	1	3	11	0	3	7	80	89	76	15.7391304347826	5	709.383399209486	2.86364746330865
Picea_mature_3733	98	79	53	82	27	7	0	226	394	384	323	347	68	79	28	18	55	2	10	54	174	165	247	126.95652173913	79	16839.861660079	1.04478875236698
Picea_mature_2493	0	0	0	0	0	0	0	0	0	160	9	21	0	12	0	3	3	0	2	9	44	33	52	15.1304347826087	0	1219.66403162055	5.32767103256105
Picea_mature_148	143	143	118	64	23	11	4	413	774	3211	3266	4936	7148	6862	4015	2514	4043	366	747	3853	600	638	558	1932.60869565217	638	5174970.24901186	1.38554296885811
Picea_mature_2114	3	5	6	5	2	2	0	30	36	67	63	78	10	17	7	9	7	0	1	2	20	26	32	18.6086956521739	7	524.97628458498	1.51603008202384
Picea_mature_2944	5	2	2	6	2	0	0	2	0	0	4	2	10	3	6	88	109	4	0	0	0	0	0	10.6521739130435	2	785.146245059289	6.91948960660331
Picea_mature_1495	8	8	2	7	2	0	0	10	16	29	21	9	9	8	0	6	2	0	1	2	34	63	120	15.5217391304348	8	730.806324110672	3.03334310551315
Picea_mature_2003	1	2	2	1	0	0	0	6	11	50	47	68	11	20	2	5	24	3	1	6	145	77	100	25.304347826087	6	1495.40316205534	2.33543614484735
Picea_mature_2758	5	6	1	2	4	0	0	3	1	0	0	1	4	7	2	66	98	1	0	0	1	0	0	8.78260869565217	1	561.359683794466	7.27770004723244
Picea_mature_3736	3	2	3	2	0	1	0	8	8	13	11	9	8	11	2	7	20	0	3	3	26	45	27	9.21739130434783	7	120.814229249012	1.42200799378621
Picea_mature_554	0	1	0	3	0	0	0	2	4	12	5	8	41	22	11	0	11	0	28	84	8	7	5	10.9565217391304	5	358.498023715415	2.98635447444971
Picea_mature_961	39	20	31	59	29	8	0	16	5	0	0	0	2	1	0	1	2	0	0	0	0	0	1	9.30434782608696	1	253.130434782609	2.92396715870382
Picea_mature_975	2	0	0	0	0	0	0	2	1	2	5	3	0	3	0	1	1	0	4	19	154	117	204	22.5217391304348	1	3081.35177865613	6.0748762351079
Picea_mature_75	106	48	60	65	37	14	0	169	177	321	446	278	254	494	205	109	737	149	6	76	394	1438	625	269.913043478261	169	106081.173913043	1.45609789019323
Picea_mature_2997	3	2	2	0	0	0	0	1	0	26	33	34	4	13	6	12	6	0	11	21	58	46	103	16.5652173913043	6	621.802371541502	2.26599055218312
Picea_mature_3092	13	23	28	17	16	1	0	72	86	186	166	336	227	357	227	217	281	28	115	629	367	325	350	176.826086956522	166	27251.1501976285	0.871549713829226
Picea_mature_853	24	28	35	17	9	10	0	40	44	192	199	298	267	297	202	134	424	234	67	169	568	663	883	208.869565217391	169	54371.4822134387	1.24629498362925
Picea_mature_3814	75	61	46	68	15	27	1	174	398	1013	1327	1279	134	381	180	212	278	101	31	169	389	703	596	332.95652173913	174	156231.498023715	1.40926785213041
Picea_mature_546	179	125	115	113	37	13	1	240	247	461	369	535	241	356	136	85	358	10	177	339	896	772	482	273.347826086957	240	55743.3280632411	0.746039195896151
Picea_mature_1007	0	0	1	1	0	0	0	4	3	11	11	15	19	24	15	15	45	4	9	53	73	163	104	24.7826086956522	11	1609.08695652174	2.61990458602647
Picea_mature_2373	36	35	20	28	4	0	0	123	255	425	419	812	128	526	272	77	262	1	12	285	20	20	19	164.304347826087	36	45574.8577075099	1.68821288096918
Picea_mature_3282	1	0	0	1	0	0	0	6	16	117	134	167	79	87	59	37	36	0	12	6	53	58	54	40.1304347826087	16	2364.20948616601	1.46804113744434
Picea_mature_765	247	162	171	159	118	13	0	254	410	1127	1452	2135	1023	1287	591	180	283	1	1756	3528	2118	2537	2379	953.521739130435	410	1031380.8972332	1.13437823592115
Picea_mature_1480	0	0	0	0	1	0	0	7	25	18	23	26	2	7	4	7	3	1	1	3	74	180	156	23.3913043478261	3	2362.24901185771	4.31734541836323
Picea_mature_99	8	5	9	7	5	1	0	3	2	17	12	13	6	18	11	8	18	0	27	63	44	79	38	17.1304347826087	9	422.664031620553	1.44031843597666
Picea_mature_3163	1	0	0	0	0	0	0	3	5	16	16	24	15	13	8	1	11	0	3	25	78	51	69	14.7391304347826	5	490.292490118577	2.25689584386428
Picea_mature_2486	16	14	7	16	4	1	0	33	49	61	60	128	240	259	175	94	100	14	64	478	77	105	78	90.1304347826087	61	12322.0276679842	1.51683816537287
Picea_mature_1263	9	13	6	5	3	1	0	1	0	2	2	2	2	6	3	5	223	59	4	16	7	15	7	17	5	2162.09090909091	7.48128342245989
Picea_mature_2271	0	0	1	0	1	0	0	64	94	161	146	237	69	163	86	57	92	9	127	244	532	581	468	136.173913043478	86	29801.6956521739	1.60713789107291
Picea_mature_1295	18	14	11	15	8	0	0	114	396	129	112	84	10	28	20	16	10	0	5	2	19	19	32	46.1739130434783	16	7334.604743083	3.44019732258265
Picea_mature_172	1	0	0	0	0	0	0	0	0	6	12	6	2	1	1	1	8	1	4	2	92	79	150	15.9130434782609	1	1440.44664031621	5.68840718390571
Picea_mature_4063	10	11	16	4	2	1	0	65	69	402	293	493	309	478	227	143	217	15	82	168	2167	1953	2518	419.260869565217	143	535712.747035573	3.04763757076311
Picea_mature_1530	420	295	292	220	129	35	7	981	1247	2288	2446	2786	5686	5837	3303	2019	7854	1111	66	4086	2418	3288	1308	2092.26086956522	1308	4572886.74703557	1.04462106731832
Picea_mature_1020	9	3	6	35	7	1	0	17	10	3	13	9	30	71	49	322	382	72	1	2	0	5	1	45.5652173913044	9	9884.62055335968	4.76094439492824
Picea_mature_1712	0	0	0	0	0	0	0	0	0	177	15	26	0	15	0	36	27	3	14	44	40	43	31	20.4782608695652	3	1426.62450592885	3.40191562261423
Picea_mature_840	62	36	57	11	7	2	0	99	100	176	167	303	178	339	131	81	222	46	13	92	73	211	141	110.739130434783	92	8958.01976284585	0.730482470126283
Picea_mature_550	1	3	4	10	1	0	0	4	0	2	3	1	12	16	10	51	29	0	1	0	0	1	0	6.47826086956522	1	142.533596837945	3.39625569691783
Picea_mature_904	4	0	2	4	1	0	0	20	56	214	275	261	40	94	74	62	59	4	9	24	519	631	662	131.086956521739	40	42161.9920948617	2.45359095271919
Picea_mature_97	0	0	0	0	0	0	0	0	0	0	0	0	0	0	0	0	0	0	1	0	3	13	13	1.30434782608696	0	14.0395256916996	8.25212121212121
Picea_mature_3462	0	0	0	0	0	0	0	0	1	1	3	2	1	1	0	0	0	0	0	0	39	53	75	7.65217391304348	0	392.055335968379	6.69541815364388
Picea_mature_2877	19	28	20	24	9	0	0	7	7	3	0	1	2	0	0	2	1	0	6	0	18	9	16	7.47826086956522	3	78.6245059288537	1.40590737007719
Picea_mature_2272	6	3	6	9	6	0	0	6	0	2	1	2	8	7	2	52	84	4	0	3	1	0	1	8.82608695652174	3	379.786561264822	4.87532070443571
Picea_mature_3350	0	0	0	0	0	0	0	0	0	15	50	32	17	29	5	82	22	1	14	30	158	194	266	39.7826086956522	14	5007.45059288538	3.16395397131758
Picea_mature_3105	2	4	1	0	0	2	0	1	3	4	3	5	10	4	2	1	2	1	5	16	4	10	6	3.73913043478261	3	14.6561264822134	1.04828162643198
Picea_mature_522	3	6	6	3	4	3	0	6	8	12	16	30	88	30	17	15	11	1	4	100	8	10	5	16.7826086956522	8	660.086956521739	2.34359311659373
Picea_mature_624	1	2	0	0	0	0	0	1	2	5	4	6	10	7	0	2	7	0	6	20	5	4	0	3.56521739130435	2	21.5296442687747	1.69381050240658
Picea_mature_741	16	10	7	13	7	1	0	6	6	3	2	3	3	7	2	7	66	3	2	3	7	12	5	8.30434782608696	6	174.494071146245	2.53028600192877
Picea_mature_3853	54	41	44	187	87	12	0	63	47	27	77	85	156	284	119	1521	1421	121	0	15	13	28	20	192.260869565217	54	167597.837944664	4.53405315599172
Picea_mature_3640	0	0	0	0	0	0	0	0	0	2	1	0	0	0	0	0	0	0	0	0	11	76	19	4.73913043478261	0	261.201581027668	11.6299668684148
Picea_mature_3197	0	0	0	0	0	0	0	0	0	5	9	2	4	6	4	3	3	4	1	3	32	63	37	7.65217391304348	3	238.055335968379	4.06544656273479
Picea_mature_1534	0	0	0	1	1	0	0	5	19	41	52	41	257	147	39	155	1020	286	1	196	23	12	3	99.9565217391304	19	47779.6798418972	4.78212545015291
Picea_mature_800	915	883	875	578	184	114	14	1650	3360	12904	15461	24381	21113	23798	16241	4162	21045	3169	5189	16814	6366	12933	4857	8565.47826086957	4857	73475443.3517786	1.00147239084506
Picea_mature_1894	0	1	1	0	3	2	0	0	0	1	4	1	0	0	0	1	2	0	7	11	43	33	31	6.1304347826087	1	147.391304347826	3.92183491776068
Picea_mature_2249	1	2	1	4	4	2	0	8	12	55	42	55	38	69	30	24	27	3	41	199	190	212	151	50.8695652173913	27	4640.57312252964	1.7933108202339
Picea_mature_104	0	0	0	0	0	0	0	0	0	122	8	8	2	26	0	28	48	0	24	64	135	93	103	28.7391304347826	2	1906.29249011858	2.30803446680917
Picea_mature_852	0	0	0	0	0	0	0	0	0	2	2	1	0	0	0	0	0	0	0	0	37	23	47	4.8695652173913	0	162.300395256917	6.84446022727273
Picea_mature_3194	0	0	0	0	0	0	0	0	0	0	0	0	0	0	0	0	0	0	0	0	1	2	4	0.304347826086957	0	0.857707509881423	9.25974025974026
Picea_mature_2154	2244	1873	1555	2654	827	185	3	3203	7156	15196	16477	16345	3052	5327	3746	3370	3892	187	1196	5017	23832	24865	26337	7327.78260869565	3370	72703515.2687747	1.35397378651961
Picea_mature_1173	15	12	8	8	1	1	0	11	50	69	43	56	17	19	15	9	12	0	0	16	28	33	51	20.6086956521739	15	405.794466403162	0.955443717741426
Picea_mature_1984	0	0	0	0	0	0	0	1	0	0	0	0	0	0	0	2	26	0	59	27	53	181	33	16.6086956521739	0	1600.24901185771	5.80118230909739
Picea_mature_3146	4	4	6	3	1	0	0	11	37	31	39	49	17	26	11	9	15	0	11	35	57	39	44	19.5217391304348	11	324.079051383399	0.850381784722388
Picea_mature_2416	18	10	10	13	3	5	0	23	33	45	40	49	5	17	6	9	2	0	3	20	109	121	143	29.7391304347826	13	1629.29249011858	1.84222437517682
Picea_mature_1133	11	9	12	15	5	1	0	9	9	26	30	21	3	3	3	1	6	0	1	7	97	75	147	21.3478260869565	9	1320.50988142292	2.89757271320729
Picea_mature_2089	18	34	18	33	14	7	0	108	107	179	195	295	84	128	92	58	71	15	3	47	65	118	66	76.304347826087	65	5212.94861660079	0.89533358274099
Picea_mature_1427	121	114	115	90	57	43	2	185	297	610	598	901	918	990	577	416	569	256	120	570	254	433	262	369.478260869565	262	88919.6245059288	0.651358130583303
Picea_mature_3215	93	55	76	109	61	6	0	24	17	1	2	3	0	1	0	0	4	0	0	1	3	1	1	19.9130434782609	2	1130.71936758893	2.85154051912885
Picea_mature_1975	1	0	0	0	0	1	0	14	8	10	9	9	6	3	7	4	15	0	7	2	13	6	16	5.69565217391304	6	28.4940711462451	0.878349958415223
Picea_mature_3369	2512	2466	2510	2972	1232	219	17	12902	10194	41019	36595	65855	25151	37452	26061	15214	33620	2869	16723	36597	11526	13162	8202	17611.7391304348	12902	300039853.837945	0.967329555583334
Picea_mature_924	0	0	0	0	0	0	0	0	0	0	1	0	0	0	0	1	0	0	0	0	25	240	13	12.1739130434783	0	2499.42292490119	16.8647286641929
Picea_mature_827	242	168	193	293	100	12	0	142	91	11	12	9	0	3	2	0	2	0	2	1	11	4	8	56.7826086956522	9	7949.35968379447	2.46547989883379
Picea_mature_132	12	8	11	5	7	1	0	22	61	104	150	219	142	147	99	73	128	51	418	660	621	575	393	169.869565217391	99	44506.0276679842	1.54236685274346
Picea_mature_2648	0	0	0	0	0	0	0	4	6	38	27	18	47	37	27	19	29	7	20	18	65	76	65	21.8695652173913	18	548.02766798419	1.14583527211932
Picea_mature_582	7	4	3	3	2	0	0	2	2	2	0	2	0	2	1	1	0	0	0	0	105	227	132	21.5217391304348	2	3156.0790513834	6.81385906818414
Picea_mature_1588	13	8	6	7	4	0	0	40	65	183	102	124	464	226	114	44	151	9	279	374	42	55	35	101.95652173913	44	16102.5889328063	1.54905088546689
Picea_mature_932	0	0	0	1	0	0	0	0	0	0	0	0	0	0	0	0	112	0	0	0	0	0	0	4.91304347826087	0	544.99209486166	22.5781829573043
Picea_mature_617	150	158	109	159	29	9	0	556	1240	2126	1404	1370	136	202	113	68	107	4	52	205	1652	1126	1529	543.652173913043	158	453188.964426878	1.53333506650756
Picea_mature_2305	5	5	4	6	2	1	0	2	4	14	9	15	33	17	8	9	19	4	4	29	97	109	88	21.0434782608696	8	1010.67984189723	2.28233059714004
Picea_mature_2909	5	5	1	2	1	0	0	11	8	13	19	23	10	12	12	1	7	0	5	8	40	37	40	11.304347826087	8	157.130434782609	1.22961538461538
Picea_mature_2394	137	93	118	125	28	8	1	263	506	1050	1050	2149	3766	2744	1343	276	668	11	2639	4646	761	847	576	1035	576	1672020.54545455	1.56084907041429
Picea_mature_3534	4	5	5	6	1	2	0	6	3	24	19	21	7	12	9	6	32	18	5	2	44	58	87	16.3478260869565	6	451.782608695652	1.69047787460389
Picea_mature_240	0	0	0	1	0	1	0	18	38	70	48	59	30	45	13	12	24	0	1	24	5	6	5	17.3913043478261	6	453.430830039526	1.49915568181818
Picea_mature_3946	0	0	0	0	0	0	0	0	0	0	0	0	0	0	0	0	0	0	0	1	8	18	9	1.56521739130435	0	18.802371541502	7.67473344556678
Picea_mature_3756	4	2	0	9	0	0	0	3	5	11	3	1	3	1	0	2	7	1	43	126	2586	1894	2569	316.086956521739	3	663386.173913044	6.63977352236112
Picea_mature_1798	22	10	23	10	11	4	0	14	41	171	219	353	339	434	332	255	333	51	136	287	369	431	429	185.826086956522	171	27711.8774703557	0.802513942670309
Picea_mature_3416	5	2	1	5	0	0	0	5	7	8	27	23	6	23	4	11	301	1	1	45	96	163	51	34.1304347826087	6	4835.20948616601	4.15079852031615
Picea_mature_1497	5	5	5	12	4	3	0	14	3	12	12	15	1	4	2	0	0	0	3	2	23	129	8	11.3913043478261	4	692.97628458498	5.34037140238702
Picea_mature_1237	3	3	3	3	1	0	0	9	27	49	69	76	26	38	19	11	299	1	408	405	374	389	296	109.086956521739	26	24608.7193675889	2.06796585229873
Picea_mature_3018	0	0	0	1	0	0	0	0	0	0	0	0	0	0	0	0	137	1	0	0	0	0	0	6.04347826086957	0	815.043478260869	22.3155116194814
Picea_mature_648	2	1	1	1	1	0	0	6	4	9	7	17	1	3	2	0	0	0	5	31	31	47	70	10.3913043478261	2	321.158102766798	2.97425879035095
Picea_mature_3738	275	179	210	485	164	11	5	2674	1948	5576	7781	10039	3397	5100	2965	2298	4131	61	4477	3842	19126	21451	37542	5814.65217391304	2965	80226735.7826087	2.37285740600529
Picea_mature_1411	0	1	1	2	0	0	0	2	4	2	3	5	3	5	3	2	28	2	5	7	6	4	3	3.82608695652174	3	31.695652173913	2.16516012396694
Picea_mature_2741	8	3	9	30	11	0	0	50	1	1	35	1	27	22	7	10	0	1	0	28	17	26	87	16.2608695652174	9	431.928853754941	1.63352085873462
Picea_mature_1172	33	20	14	21	10	2	1	66	119	303	328	314	27	78	54	24	44	1	12	27	160	157	237	89.2173913043478	33	11599.814229249	1.45731016173845
Picea_mature_4048	7	6	7	5	3	0	0	6	2	14	11	8	7	7	3	5	19	3	10	20	44	46	36	11.695652173913	7	172.403162055336	1.26036501329822
Picea_mature_1985	3	0	0	1	0	0	0	27	51	122	91	96	23	36	15	5	32	0	0	15	124	81	107	36.0434782608696	15	1934.13438735178	1.48878936342432
Picea_mature_2142	38	55	38	101	47	3	0	100	18	15	25	20	27	56	27	54	98	0	0	1	26	21	1	33.5217391304348	26	1013.35177865613	0.901793602576355
Picea_mature_3458	13	7	15	8	7	2	0	20	36	46	57	76	52	67	30	18	102	16	5	32	71	89	99	37.7391304347826	30	1069.4743083004	0.750907734676502
Picea_mature_3431	22	11	19	12	2	0	0	2	0	7	8	2	5	12	6	3	480	55	1	0	3	4	2	28.5217391304348	4	9826.98814229249	12.0800414728787
Picea_mature_1824	6	2	6	5	1	0	0	4	1	0	0	0	5	8	2	84	227	1	1	1	0	1	0	15.4347826086957	1	2423.71146245059	10.1737223855296
Picea_mature_446	0	1	0	1	1	0	0	6	4	27	27	31	16	20	10	8	124	1	15	14	12	11	13	14.8695652173913	10	656.391304347826	2.96869977086967
Picea_mature_1741	7822	5707	4038	6845	3393	426	96	28523	53609	136727	189367	265319	180072	244068	86251	128474	130340	57	23318	99327	54949	78979	65792	77978.2173913044	54949	6630646968.72332	1.090458896363
Picea_mature_442	0	2	2	7	2	0	0	8	1	2	2	1	2	5	1	53	77	2	0	1	1	0	0	7.34782608695652	2	348.509881422925	6.45501653558094
Picea_mature_1474	2	4	2	1	1	0	0	7	8	14	24	25	27	30	16	20	30	1	9	49	48	57	70	19.3478260869565	14	411.237154150198	1.09857065797477
Picea_mature_2702	1	1	0	2	0	0	0	16	38	135	101	94	17	29	11	5	27	0	1	5	88	76	101	32.5217391304348	11	1836.0790513834	1.73597654026033
Picea_mature_2822	46	47	24	45	14	25	0	155	656	929	715	841	409	375	137	181	183	117	84	567	657	708	740	332.826086956522	181	100524.695652174	0.90748206134829
Picea_mature_515	5	3	1	1	1	0	1	16	30	178	113	116	151	120	23	11	106	2	76	175	1050	829	443	150.04347826087	30	73308.4071146245	3.25626346477345
Picea_mature_1892	0	0	0	0	0	0	0	0	1	0	0	0	0	0	1	1	0	0	0	0	110	51	85	10.8260869565217	0	874.241106719368	7.4591304245826
Picea_mature_2703	474	321	347	296	183	15	0	693	319	16	7	16	0	5	0	4	6	0	0	0	7	2	5	118.086956521739	7	37793.5375494071	2.7102770365917
Picea_mature_851	1	4	3	1	1	2	0	2	4	8	5	8	2	3	2	4	10	8	10	9	68	85	84	14.0869565217391	4	678.355731225296	3.41840212827867
Picea_mature_782	0	0	0	1	0	0	0	0	0	0	0	0	0	0	0	0	0	0	0	0	45	14	41	4.39130434782609	0	157.249011857708	8.15456595164467
Picea_mature_637	3	5	4	16	8	1	1	7	4	3	10	7	23	54	26	305	214	13	2	3	2	4	1	31.1304347826087	5	5520.48221343874	5.69648085833208
Picea_mature_968	0	0	0	0	0	0	0	0	0	12	6	9	3	11	2	3	3	1	10	5	51	61	29	8.95652173913044	3	266.225296442688	3.31871952630271
Picea_mature_2984	0	0	0	0	0	0	0	0	1	5	12	12	10	12	9	7	4	0	7	16	7	6	6	4.95652173913043	5	25.6798418972332	1.0452936567895
Picea_mature_1142	9	9	12	10	5	0	0	27	34	118	175	173	50	95	115	85	103	1	89	92	395	409	399	104.565217391304	85	16672.347826087	1.52483296666249
Picea_mature_1886	2	0	1	2	0	0	0	2	10	114	133	128	60	72	20	32	50	4	3	76	121	139	114	47.0869565217391	20	2802.44664031621	1.26396809308236
Picea_mature_1077	1	0	0	0	0	0	0	5	14	65	32	45	5	18	3	7	10	1	0	1	11	8	15	10.4782608695652	5	267.715415019763	2.43834394286349
Picea_mature_3135	27	23	19	14	27	8	1	87	86	135	95	142	73	98	50	35	422	346	14	65	179	136	177	98.2173913043478	73	11175.4505928854	1.15847923316059
Picea_mature_126	2	3	7	4	2	0	0	7	12	37	33	40	17	36	22	15	217	10	18	26	28	34	25	25.8695652173913	17	1908.57312252964	2.85187538116851
Picea_mature_1255	13	7	8	8	2	0	0	6	13	46	74	67	71	69	30	20	45	2	23	113	77	107	96	39	23	1394.36363636364	0.91674137827984
Picea_mature_443	12	9	8	9	2	3	0	0	0	3	8	10	0	1	0	0	30	0	9	45	89	117	62	18.1304347826087	8	975.300395256917	2.96703016919362
Picea_mature_2456	14	10	5	8	0	1	0	8	24	27	25	32	5	11	2	1	5	0	11	20	63	82	102	19.8260869565217	10	734.422924901186	1.8684101226951
Picea_mature_1226	149	105	62	86	10	3	0	369	792	1194	1016	994	92	168	67	37	140	1	56	79	875	578	1072	345.434782608696	105	174084.802371542	1.45891076124038
Picea_mature_227	0	0	0	0	0	1	0	12	23	176	160	112	18	41	19	7	1	0	1	0	0	0	0	24.8260869565217	1	2637.96837944664	4.28009137724173
Picea_mature_1873	2	2	0	1	0	0	0	0	0	0	0	0	0	0	0	0	3	0	20	0	28	28	75	6.91304347826087	0	295.99209486166	6.19357692266201
Picea_mature_1710	15	18	17	13	5	0	0	40	81	152	150	222	38	64	29	17	26	1	20	68	175	151	186	64.695652173913	29	4918.49407114624	1.17511930734241
Picea_mature_3261	2	3	5	9	2	2	0	38	66	67	50	81	14	32	22	10	30	4	11	16	25	30	29	23.8260869565217	16	540.150197628459	0.951500661148219
Picea_mature_2221	21	20	20	28	8	1	0	72	88	223	215	240	23	64	28	24	46	0	8	17	248	260	325	86.0434782608696	28	10976.1343873518	1.48256416754627
Picea_mature_3068	0	0	0	0	0	0	0	0	0	0	29	0	0	0	1	0	0	0	3	0	82	108	200	18.3913043478261	0	2339.06719367589	6.9154052470787
Picea_mature_488	73	95	95	376	198	20	0	157	85	81	179	155	294	537	221	2985	2820	244	5	32	27	52	22	380.565217391304	95	650842.984189723	4.49384452381078
Picea_mature_1395	17	12	6	5	1	0	0	23	29	300	338	492	190	188	127	39	206	7	386	234	236	219	210	141.95652173913	127	21262.4071146245	1.05511969621995
Picea_mature_823	7	1	4	0	0	0	0	5	1	9	5	9	9	13	3	10	288	5	81	18	23	37	53	25.2608695652174	7	3660.11067193676	5.73584787773038
Picea_mature_2327	6	7	2	8	1	1	0	11	19	429	380	440	37	165	70	145	194	32	74	160	844	684	1153	211.391304347826	70	96761.3399209486	2.16534766880513
Picea_mature_3922	121	134	80	102	34	10	2	1082	5414	6253	3398	5390	1031	1753	496	290	769	13	1312	1933	14319	9986	14739	2985.26086956522	1031	19898537.4743083	2.23283474041885
Picea_mature_2187	0	0	0	0	0	0	0	10	22	44	41	61	24	35	17	15	12	2	0	8	0	0	3	12.7826086956522	3	304.541501976285	1.86383514444739
Picea_mature_2776	2	2	3	1	1	0	0	3	6	9	9	19	3	2	7	8	40	4	12	7	2	3	10	6.65217391304348	3	73.5098814229249	1.66118703373605
Picea_mature_930	0	2	1	0	0	0	0	19	38	337	333	450	255	294	157	81	74	2	15	26	230	359	219	125.739130434783	38	21996.5652173913	1.39127815273306
Picea_mature_2123	12	7	6	3	4	0	0	43	21	94	106	119	48	85	36	55	153	8	27	60	124	337	253	69.6086956521739	43	7269.97628458498	1.50039636163744
Picea_mature_1580	0	0	0	0	0	0	0	2	1	1	1	1	4	1	0	0	46	0	127	305	33	125	109	32.8695652173913	1	5229.1185770751	4.83994661276407
Picea_mature_195	1	0	4	0	0	0	0	0	0	13	24	32	18	46	34	14	23	0	12	54	179	247	172	37.9565217391304	13	4484.77075098814	3.1129162218899
Picea_mature_4031	153	137	108	93	29	6	0	69	115	382	367	425	173	235	162	130	197	11	261	401	1838	1743	2264	404.304347826087	162	396413.85770751	2.42511313916693
Picea_mature_1657	6	6	4	3	2	0	0	14	11	40	38	63	29	55	40	28	33	2	24	20	46	41	56	24.3913043478261	24	409.067193675889	0.687582161516218
Picea_mature_1098	51	44	59	64	22	4	0	149	412	630	593	597	165	217	124	81	141	5	93	422	980	967	1116	301.565217391304	141	120986.166007905	1.33037237262896
Picea_mature_3849	0	0	0	0	0	0	0	25	28	133	95	224	140	171	112	93	93	6	11	45	10	11	15	52.695652173913	15	4351.94861660079	1.5672352507528
Picea_mature_2736	2	1	3	7	0	0	0	4	2	7	6	7	0	1	1	0	5	0	0	1	57	19	235	15.5652173913043	2	2432.16600790514	10.0388238365049
Picea_mature_2820	26	23	24	22	9	1	0	68	74	200	153	225	107	152	58	72	112	6	27	79	335	339	494	113.304347826087	72	16592.8577075099	1.29249251936948
Picea_mature_1227	0	0	0	0	0	0	0	15	16	88	107	139	296	255	131	15	8	0	0	1	0	0	1	46.6086956521739	1	7232.88537549408	3.32948976285466
Picea_mature_1536	40	29	41	30	18	4	1	28	46	85	108	173	386	293	157	87	560	81	143	503	69	132	104	135.565217391304	85	24003.256916996	1.30609156264654
Picea_mature_1937	2	0	1	0	1	0	0	90	250	896	760	1302	424	722	207	104	107	1	10	16	185	265	149	238.782608695652	104	124000.632411067	2.17479594716908
Picea_mature_2763	0	1	0	1	0	0	0	8	38	58	33	32	4	9	3	4	7	1	1	5	65	39	62	16.1304347826087	4	490.482213438735	1.88508577320051
Picea_mature_1405	27	28	24	21	10	2	0	38	74	211	186	259	137	193	108	88	129	10	31	71	208	250	258	102.739130434783	74	8339.83794466403	0.790106874537122
Picea_mature_3928	1	0	3	1	1	0	0	2	4	3	5	8	27	17	4	4	6	0	19	63	8	7	13	8.52173913043478	4	188.98814229249	2.60242417931922
Picea_mature_3602	35	26	22	13	11	3	1	164	217	983	901	1414	351	583	366	218	1146	39	54	264	260	235	343	332.565217391304	218	162857.166007905	1.47249294694822
Picea_mature_2320	16	10	11	15	6	4	0	68	42	72	76	74	230	300	80	575	748	260	3	5	27	46	41	117.782608695652	42	37095.1778656126	2.67396131415292
Picea_mature_2879	14	23	17	9	1	1	1	61	53	184	128	223	379	301	104	138	268	15	56	206	105	85	64	105.913043478261	64	11530.0830039526	1.02785898797237
Picea_mature_1135	4	1	2	2	0	0	0	15	51	77	64	90	9	10	7	3	14	0	2	5	29	15	38	19.0434782608696	7	709.498023715415	1.95640444603665
Picea_mature_3284	180	174	131	54	66	24	0	88	63	20	5	13	0	1	0	2	7	2	0	1	28	24	41	40.1739130434783	20	2998.69565217391	1.85799319727891
Picea_mature_3425	0	0	0	0	0	0	0	0	0	5	3	10	4	9	9	9	44	8	3	136	1	1	1	10.5652173913043	1	833.347826086957	7.46568104455622
Picea_mature_2738	605	483	508	664	316	65	1	687	769	1195	1520	2190	658	1297	869	238	377	19	9	1443	273	306	178	637.826086956522	508	317952.241106719	0.781551021103005
Picea_mature_1508	1	1	0	1	0	1	0	19	52	60	56	74	13	31	10	5	6	0	26	55	442	567	463	81.8695652173913	13	27151.5731225296	4.0508860708929
Picea_mature_2096	13	21	22	14	13	7	0	42	71	156	119	187	203	215	155	83	205	103	18	125	157	204	117	97.8260869565217	103	5843.42292490119	0.610601625140292
Picea_mature_2420	1	2	3	1	0	0	0	0	0	1	0	1	1	7	1	45	85	4	0	0	0	0	0	6.60869565217391	1	378.612648221344	8.66889243893226
Picea_mature_3400	2	2	3	1	0	0	0	18	18	24	30	98	22	68	8	8	6	0	25	182	758	816	996	134.130434782609	18	84973.209486166	4.72310235580033
Picea_mature_2019	17	12	3	6	1	2	0	5	2	112	137	139	12	48	27	23	27	16	30	46	73	72	105	39.7826086956522	23	1999.54150197628	1.26340882623602
Picea_mature_3837	24	38	24	126	79	7	2	57	56	42	78	81	168	304	178	1393	1270	66	5	36	7	24	14	177.347826086957	56	137924.055335968	4.38518863098132
Picea_mature_3320	0	0	0	0	0	0	0	2	4	7	12	5	10	12	9	3	1	0	3	16	39	32	31	8.08695652173913	3	129.083003952569	1.97378046857755
Picea_mature_2193	1	1	2	2	2	0	0	2	9	10	9	4	2	6	3	5	7	0	3	15	8	15	7	4.91304347826087	3	19.8102766798419	0.820709246114525
Picea_mature_3921	15	13	15	11	7	3	0	19	19	24	30	53	29	38	14	4	10	3	13	81	91	122	72	29.8260869565217	15	1046.78656126482	1.17669952763961
Picea_mature_3823	13	14	13	14	10	2	0	4	0	1	1	3	21	10	14	15	26	9	0	20	0	9	13	9.21739130434783	10	57.9960474308301	0.68262524677174
Picea_mature_1858	15	17	10	11	6	0	0	33	62	232	245	346	441	430	322	148	282	23	50	447	132	255	99	156.782608695652	99	25158.7233201581	1.02351173479922
Picea_mature_2709	0	0	0	0	0	0	0	0	0	0	1	3	0	2	1	0	0	0	1	0	18	36	57	5.17391304347826	0	194.059288537549	7.24930185978135
Picea_mature_1078	23	22	22	21	3	0	0	84	152	105	99	125	56	69	36	3	50	0	7	51	177	214	259	68.6086956521739	50	5402.33992094862	1.14768731423591
Picea_mature_1279	1	0	1	0	0	0	0	1	0	0	0	0	0	0	0	1	10	0	53	25	49	108	15	11.4782608695652	0	672.624505928854	5.10529103013607
Picea_mature_3786	0	1	0	0	0	0	0	1	0	1	1	1	5	4	2	12	73	0	106	85	88	143	109	27.4782608695652	1	2122.35177865613	2.81085786259486
Picea_mature_421	10	6	8	29	19	0	0	8	9	11	17	20	61	83	58	500	369	38	0	8	0	3	1	54.695652173913	10	15236.4940711462	5.09306755596384
Picea_mature_3582	115	97	112	90	51	4	2	146	95	207	168	174	373	364	169	221	1442	6	265	1202	1158	1882	964	404.652173913043	169	280324.146245059	1.71197237453839
Picea_mature_2764	8	4	8	16	7	0	0	9	1	4	5	2	21	22	15	49	44	3	2	0	0	1	3	9.73913043478261	4	177.474308300395	1.87109193819573
Picea_mature_1058	42	43	33	30	8	4	0	16	40	34	20	31	7	22	2	3	21	0	31	32	209	158	177	41.8695652173913	30	3303.66403162055	1.88451228445988
Picea_mature_3119	0	0	0	0	0	0	0	0	0	0	0	0	0	0	0	0	5	0	9	15	37	56	45	7.26086956521739	0	256.747035573123	4.8699911010858
Picea_mature_252	0	0	0	0	0	0	0	0	0	0	0	0	0	0	0	0	0	0	0	0	22	66	73	7	0	411	8.38775510204082
Picea_mature_2170	58	39	44	46	20	16	0	122	140	200	193	221	31	103	56	46	335	396	8	23	160	170	291	118.173913043478	58	12482.1501976285	0.893811980109365
Picea_mature_3019	2	3	3	3	1	1	0	24	10	4	10	12	6	8	15	0	24	1	25	32	30	65	39	13.8260869565217	8	262.241106719368	1.37183601770643
Picea_mature_702	7	5	5	4	5	0	0	60	119	129	223	145	54	99	25	49	42	1	11	63	78	141	108	59.695652173913	49	3752.76679841897	1.05309166447688
Picea_mature_152	3	2	0	2	2	0	0	0	0	8	11	10	4	32	14	14	24	8	2	6	17	57	21	10.304347826087	6	179.766798418972	1.69304485327559
Picea_mature_3732	207	193	209	194	85	16	2	933	716	1447	1395	1744	356	694	684	718	2722	732	451	220	3849	3916	7411	1256.26086956522	694	3054384.20158103	1.93536997793536
Picea_mature_101	9	11	9	28	21	4	0	16	11	7	18	22	59	80	42	446	346	52	0	10	3	5	1	52.1739130434783	11	12421.1501976285	4.56304753787879
Picea_mature_3652	9	3	6	6	2	0	0	19	26	77	96	70	8	14	5	7	13	1	0	1	33	87	84	24.6521739130435	8	1067.69169960474	1.75685298436621
Picea_mature_2217	1	2	2	0	0	0	0	4	1	2	2	1	0	1	0	0	1	0	4	18	339	246	324	41.2173913043478	1	10987.0869565217	6.46727843650412
Picea_mature_3949	311	240	323	517	70	6	0	210	67	29	14	27	24	36	28	10	78	0	1	1	15	11	24	88.7826086956522	27	18622.7233201581	2.36258470176337
Picea_mature_4001	0	0	0	0	0	0	0	0	0	2	0	0	0	0	0	0	3	0	0	10	8	10	9	1.82608695652174	0	12.7865612648221	3.83451865594723
Picea_mature_2332	6	13	6	6	2	1	0	3	13	22	20	17	49	58	19	15	26	0	16	83	11	11	4	17.4347826086957	13	412.347826086957	1.35653385240142
Picea_mature_1617	28	22	17	26	3	11	2	72	181	198	157	165	40	50	21	25	34	18	6	35	483	417	628	114.739130434783	34	29002.837944664	2.20301466183527
Picea_mature_1330	78	56	78	102	48	36	0	241	104	223	196	250	113	147	132	74	79	24	43	42	276	203	210	119.782608695652	102	6729.17786561265	0.46900176098354
Picea_mature_1303	4	3	2	5	4	0	0	20	43	74	94	126	51	55	34	17	37	1	41	42	46	35	30	33.2173913043478	34	1057.08695652174	0.958031235437625
Picea_mature_424	1	0	0	0	0	0	0	2	0	48	39	60	27	21	9	2	4	0	32	18	5	11	17	12.8695652173913	4	303.391304347826	1.83178871439007
Picea_mature_1658	91	55	39	101	54	7	0	156	200	458	590	658	427	761	344	423	393	5	79	381	1121	1696	1159	399.913043478261	344	192894.81027668	1.20611690588413
Picea_mature_2867	8	2	4	6	1	0	0	12	33	66	69	82	16	23	11	12	18	1	2	9	48	44	63	23.0434782608696	12	665.952569169961	1.25414349978964
Picea_mature_1034	4965	4317	3220	4208	1864	229	5	5799	7203	18188	17852	22253	15017	21869	7379	11126	10827	135	2118	6772	16228	18845	19968	9582.04347826087	7203	57278611.4980237	0.623844294286927
Picea_mature_498	0	0	0	0	0	0	0	7	4	81	65	78	75	70	23	253	176	0	1	41	14	6	13	39.4347826086956	7	4058.62055335968	2.60987404437041
Picea_mature_86	237	184	149	220	76	22	0	133	142	187	176	211	34	63	27	24	34	3	14	32	72	71	153	98.4347826086957	72	6127.16600790514	0.632357209280812
Picea_mature_487	96	65	60	78	42	12	1	70	70	192	216	254	232	295	159	209	174	116	35	123	209	179	244	136.130434782609	123	7354.57312252964	0.396868844836699
Picea_mature_984	32	46	27	42	6	6	0	165	321	541	403	463	142	204	78	42	157	28	40	163	1070	688	687	232.652173913043	142	80634.1462450593	1.48972039010366
Picea_mature_3424	0	0	0	0	0	0	0	0	0	0	0	0	0	0	0	0	38	0	0	0	65	93	46	10.5217391304348	0	631.260869565217	5.70208660610614
Picea_mature_74	2	6	1	4	2	1	0	0	0	3	6	8	0	1	2	1	2	0	2	4	69	45	57	9.39130434782609	2	373.067193675889	4.22994996258885
Picea_mature_1267	2	0	0	0	0	0	0	1	2	2	0	4	5	8	3	1	2	1	5	7	33	67	52	8.47826086956522	2	310.715415019763	4.3226418026418
Picea_mature_32	233	179	202	284	194	94	0	199	51	7	5	10	1	1	3	4	5	0	0	0	9	8	12	65.2608695652174	8	9046.4743083004	2.12409355747774
Picea_mature_2682	2	1	1	4	0	0	0	4	3	4	11	17	79	44	22	17	56	0	15	65	5	13	3	15.9130434782609	4	517.628458498024	2.04414475309396
Picea_mature_237	0	0	0	0	1	0	0	5	8	39	39	61	40	69	37	54	50	0	31	60	89	98	93	33.6521739130435	37	1122.14624505929	0.99088490214324
Picea_mature_407	2	3	7	6	1	0	0	21	39	84	32	94	98	87	48	23	155	13	82	139	156	199	200	64.7391304347826	39	4398.29249011858	1.04942252915954
Picea_mature_302	16	5	3	8	4	0	0	38	48	190	257	169	123	185	30	64	206	0	10	76	196	245	152	88.0434782608696	48	8215.77075098814	1.05987324548641
Picea_mature_350	0	0	0	0	0	0	0	9	16	50	42	54	26	18	4	8	9	2	2	40	33	27	15	15.4347826086957	9	311.347826086956	1.30690735965086
Picea_mature_294	16	8	12	13	5	4	4	587	1625	5379	5526	5731	7692	7807	2448	2150	26144	144	364	2963	1260	1476	1362	3161.73913043478	1362	31553307.5652174	3.15640572449022
Picea_mature_1944	0	0	0	0	0	0	0	0	0	0	0	0	0	0	0	0	0	0	0	0	102	31	89	9.65217391304348	0	779.237154150198	8.36410304653548
Picea_mature_307	89	76	68	74	33	12	1	274	579	1014	996	1407	1153	1143	703	247	698	38	481	910	573	660	553	512.260869565217	553	191303.38339921	0.729021415632028
Picea_mature_207	0	0	0	0	0	0	0	0	0	0	0	0	0	0	0	0	0	0	11	0	170	227	122	23.0434782608696	0	3782.77075098814	7.12383669374413
Picea_mature_2316	12	12	19	30	15	2	0	33	7	12	11	21	45	48	16	143	97	6	0	0	2	3	2	23.304347826087	12	1164.85770750988	2.14486009994127
Picea_mature_3095	9	14	5	7	2	1	0	33	64	113	106	139	23	41	17	20	28	4	9	39	72	69	87	39.2173913043478	23	1650.35968379447	1.07305307339599
Picea_mature_2621	189	159	151	181	101	103	0	462	919	818	612	896	305	319	208	158	249	192	89	253	847	682	811	378.434782608696	249	91910.4387351779	0.641774927831064
Picea_mature_2398	3	6	6	4	4	0	0	3	1	2	2	1	7	7	10	24	19	2	1	1	1	1	0	4.56521739130435	2	36.1660079051383	1.73531230674088
Picea_mature_3493	0	0	0	0	0	0	0	0	0	1	1	2	0	1	0	0	0	0	0	1	114	212	251	25.3478260869565	0	4825.96442687747	7.51108503605054
Picea_mature_1893	7	12	14	6	6	2	0	13	4	12	16	17	7	8	3	5	17	9	0	1	14	28	25	9.82608695652174	8	56.4229249011858	0.584378715497049
Picea_mature_2224	0	0	0	0	0	0	0	0	1	10	15	27	3	8	8	9	25	0	6	7	38	26	56	10.3913043478261	6	216.158102766798	2.00184934373762
Picea_mature_952	570	541	505	373	199	70	2	1655	2845	7015	8652	9842	2216	3992	2621	1552	2393	329	210	1013	3997	5205	9589	2842.86956521739	1655	9953849.66403162	1.23162135059061
Picea_mature_2467	978	843	524	672	159	90	4	1195	2477	4135	4395	4092	951	1513	521	779	1336	190	99	711	2430	3797	3809	1552.17391304348	951	2226141.33201581	0.924000003637819
Picea_mature_1857	60	32	45	24	8	0	0	66	30	7	5	20	3	10	4	2	115	0	29	30	60	67	52	29.0869565217391	24	883.99209486166	1.04484487741742
Picea_mature_832	60	46	45	62	43	1	0	32	9	17	19	21	13	24	13	548	864	23	0	0	2	6	3	80.4782608695652	19	41588.9881422925	6.42127380363053
Picea_mature_1651	2	5	8	7	3	2	0	4	4	4	6	9	0	3	0	1	0	0	7	8	23	25	41	7.04347826086957	4	97.1343873517787	1.95793670587909
Picea_mature_2720	0	0	0	1	0	0	0	0	2	105	9	17	7	3	0	0	0	0	0	1	11	56	28	10.4347826086957	0	590.711462450593	5.42511047979798
Picea_mature_3712	19	8	6	1	0	0	0	8	1	10	16	11	6	12	1	4	23	1	6	19	81	69	68	16.0869565217391	8	550.99209486166	2.12910751045886
Picea_mature_674	2	0	1	0	1	0	1	87	77	520	546	727	898	752	413	401	446	5	263	752	639	931	604	350.695652173913	401	111755.85770751	0.908676994132536
Picea_mature_1953	2	4	2	6	2	3	0	11	19	48	43	31	6	12	9	9	12	4	2	8	62	60	76	18.7391304347826	9	517.383399209486	1.47337610252862
Picea_mature_1004	3	5	2	3	2	1	0	8	19	63	48	33	10	16	15	2	55	0	195	583	3426	2291	1673	367.521739130435	15	775808.533596838	5.74365686323097
Picea_mature_2058	48	32	26	18	13	2	0	79	64	91	175	207	11	70	20	8	26	1	0	12	35	225	59	53.1304347826087	26	4241.1185770751	1.50242802258159
Picea_mature_2256	7	4	3	2	1	1	0	1	6	10	9	21	56	47	5	12	9	0	9	42	7	6	2	11.304347826087	6	242.221343873518	1.89548951048951
Picea_mature_1484	1	0	1	0	0	0	0	11	31	57	70	51	12	41	16	2	30	3	1	4	1	3	1	14.6086956521739	3	452.158102766798	2.11869008967223
Picea_mature_787	51	17	24	16	4	0	0	69	95	162	279	321	50	122	78	22	37	0	5	41	50	108	43	69.304347826087	43	7146.31225296443	1.48785643064652
Picea_mature_3562	23	17	40	49	12	2	0	7	11	14	16	25	1	4	8	11	203	31	406	44	1295	1399	3818	323.304347826087	17	728300.766798419	6.9676716594908
Picea_mature_1414	8	9	7	9	2	0	0	19	32	29	31	47	20	31	25	2	17	1	3	14	23	38	23	16.9565217391304	17	184.04347826087	0.640098619329389
Picea_mature_642	6089	6166	6562	10428	1352	364	1	4533	1364	253	249	285	322	306	178	81	473	30	12	38	80	79	92	1710.30434782609	285	8394516.85770751	2.86978199211795
Picea_mature_2063	31	45	30	51	19	1	0	36	12	7	13	13	3	17	5	8	12	0	2	3	3	15	4	14.3478260869565	12	215.237154150198	1.04555054679022
Picea_mature_2431	88	54	57	51	19	9	0	149	177	488	625	757	407	777	517	513	725	52	49	416	369	479	228	304.608695652174	228	70882.7035573122	0.763933719342439
Picea_mature_2059	0	0	0	0	0	0	0	0	0	0	0	2	0	0	0	2	3	0	0	2	0	0	0	0.391304347826087	0	0.794466403162055	5.18855218855219
Picea_mature_2438	0	0	0	0	0	0	0	0	0	0	0	0	0	0	1	0	0	0	14	1	151	159	186	22.2608695652174	0	3249.01976284585	6.55644017999823
Picea_mature_2617	10	8	3	4	5	0	0	6	2	17	15	20	11	13	11	12	29	3	12	11	27	24	51	12.7826086956522	11	135.723320158103	0.830645059508033
Picea_mature_2444	0	0	0	0	0	0	0	0	0	227	57	25	8	22	2	2	2	0	0	0	5	10	10	16.0869565217391	0	2283.44664031621	8.82354472408527
Picea_mature_2471	46	34	60	116	31	0	0	25	11	48	98	65	364	249	83	84	39	5	100	914	568	486	560	173.304347826087	65	57962.766798419	1.92987949269783
Picea_mature_363	0	0	0	0	0	0	0	0	1	1	2	0	1	0	1	0	0	0	1	0	68	41	25	6.1304347826087	0	276.118577075099	7.34705131898432
Picea_mature_343	0	0	0	0	0	0	0	1	1	4	6	5	4	5	0	0	1	0	1	16	12	12	8	3.30434782608696	1	21.7667984189723	1.99353122639134
Picea_mature_3681	66	89	84	358	167	18	2	121	96	65	113	117	225	465	201	2554	2934	293	5	21	16	41	9	350.434782608696	96	587845.711462451	4.78684034387929
Picea_mature_1578	14	15	8	11	4	4	0	33	69	250	233	303	77	117	69	58	170	12	5	97	240	370	311	107.391304347826	69	13966.8853754941	1.21104793778563
Picea_mature_3943	8	5	10	29	17	1	0	7	10	6	9	13	29	50	48	416	267	28	1	5	1	4	1	41.9565217391304	9	9640.22529644269	5.47631257947132
Picea_mature_1846	2274	2018	2135	2487	1198	565	69	12376	17022	51827	62201	118321	148108	160130	108343	58941	110117	23948	18781	121691	79059	144968	53516	56525.8695652174	51827	3105048141.48221	0.971793150985423
Picea_mature_1991	24	31	30	38	9	24	0	30	34	53	29	38	11	10	13	6	7	10	1	19	39	50	73	25.1739130434783	24	336.332015810277	0.530721589434575
Picea_mature_93	23	28	30	18	10	2	0	29	19	54	34	49	46	32	35	32	439	35	1	27	14	28	22	43.7826086956522	28	7625.26877470356	3.97788191874178
Picea_mature_3100	7	5	11	33	25	0	0	17	11	9	19	13	46	77	48	462	329	53	0	5	1	9	1	51.3478260869565	11	12601.7826086957	4.77955936536797
Picea_mature_1222	0	0	1	0	0	0	0	0	2	5	1	3	2	3	3	1	366	25	1	3	5	6	10	19	2	5750.54545454545	15.9294887937547
Picea_mature_3354	0	0	0	0	0	0	0	31	24	23	35	43	3	42	6	2	3	1	0	2	1	8	7	10.0434782608696	2	216.407114624506	2.14537515482026
Picea_mature_1407	0	0	0	0	0	0	0	0	2	0	1	1	0	1	1	6	29	1	4	12	147	133	119	19.8695652173913	1	2064.75494071146	5.22988074463542
Picea_mature_679	11	9	4	3	2	1	0	14	13	31	28	38	5	11	8	10	27	14	2	2	56	163	93	23.695652173913	11	1384.94861660079	2.4665863754964
Picea_mature_1538	8	8	6	5	5	0	0	23	30	118	122	173	29	107	47	52	101	4	11	23	283	412	423	86.5217391304348	29	15683.3517786561	2.09502110828239
Picea_mature_660	128	108	91	137	30	4	0	103	33	22	18	24	8	14	6	22	37	0	0	1	14	17	45	37.4782608695652	22	1884.0790513834	1.34134427864543
Picea_mature_1590	0	0	0	1	0	0	0	0	3	68	75	71	69	54	27	24	12	1	8	7	136	182	178	39.8260869565217	8	3243.78656126482	2.04511151926581
Picea_mature_135	1394	1002	896	877	380	83	7	4253	9784	18103	18293	23048	17108	21545	5846	4053	10621	316	10545	7537	8303	11598	7098	7943.04347826087	7098	54688657.2252964	0.866808937678399
Picea_mature_1838	8	12	3	7	2	0	0	35	45	59	46	63	6	15	2	1	3	1	0	5	27	31	28	17.3478260869565	7	406.328063241107	1.35016454327891
Picea_mature_3267	0	0	0	0	0	0	0	0	0	1	1	0	0	0	0	0	2	0	0	0	0	0	0	0.173913043478261	0	0.241106719367589	7.97159090909091
Picea_mature_51	2	5	1	2	0	1	0	1	1	0	1	0	0	1	1	3	4	5	0	0	0	0	0	1.21739130434783	1	2.54150197628459	1.71486549165121
Picea_mature_3232	3	3	1	2	1	0	0	14	12	40	29	29	1	6	3	1	6	0	11	7	83	105	141	21.6521739130435	6	1405.05533596838	2.9970253412335
Picea_mature_1339	51	35	32	53	18	17	2	81	39	37	74	74	280	334	108	204	314	199	3	14	27	64	26	90.695652173913	51	10301.2213438735	1.25232134489922
Picea_mature_993	150	66	88	40	33	3	0	196	143	54	70	100	9	50	22	1	32	0	31	43	110	583	156	86.0869565217391	50	14852.3557312253	2.0041057498771
Picea_mature_1481	87	72	78	80	15	32	0	140	434	956	629	1064	193	320	191	60	154	16	139	314	790	606	653	305.347826086957	154	103228.23715415	1.10715607171209
Picea_mature_3867	3	3	2	0	0	0	0	2	4	15	10	18	7	6	7	20	20	13	2	5	21	20	24	8.78260869565217	6	66.6324110671937	0.86385024641078
Picea_mature_474	32	27	18	27	12	6	0	173	373	339	371	511	114	142	56	22	32	2	61	160	179	161	118	127.652173913043	61	20452.5098814229	1.25513424992862
Picea_mature_3502	15	13	17	20	6	3	1	77	188	348	373	436	150	204	104	48	72	2	15	48	149	166	193	115.130434782609	72	16355.6640316206	1.23392252271669
Picea_mature_2025	31	32	28	27	13	10	0	43	80	145	137	205	36	51	32	40	126	5	36	44	348	344	476	99.5217391304348	40	16259.0790513834	1.64157235330898
Picea_mature_3560	218	185	149	177	97	16	0	142	189	284	251	272	61	147	79	103	899	5	37	62	349	527	791	219.130434782609	149	54312.8458498024	1.13108998860487
Picea_mature_1890	0	0	0	0	0	0	0	3	7	29	58	43	0	0	0	0	0	0	0	2	9	13	8	7.47826086956522	0	233.806324110672	4.18075802645164
Picea_mature_3865	61	66	67	86	55	12	0	28	20	4	2	0	2	1	2	0	3	0	0	0	1	1	0	17.8695652173913	2	773.209486166008	2.42141485180539
Picea_mature_659	0	1	2	2	0	0	0	2	0	0	1	3	14	9	7	4	2	0	8	31	2	8	4	4.34782608695652	2	47.4189723320158	2.50846363636364
Picea_mature_628	67	41	32	35	3	10	0	84	187	327	317	336	253	338	127	86	387	125	6	245	310	267	121	161.04347826087	125	17437.4980237154	0.67235383661944
Picea_mature_3314	2	0	1	0	0	0	0	2	1	5	8	9	19	14	4	0	4	1	18	127	5	22	5	10.7391304347826	4	686.565217391304	5.95310527954892
Picea_mature_1093	43	39	53	201	104	7	0	78	49	51	74	81	171	309	124	1752	2730	304	5	12	16	31	16	271.739130434783	53	415398.110671937	5.62548737396364
Picea_mature_1711	15	13	9	5	2	0	0	11	11	26	10	6	41	31	9	12	16	0	13	48	63	98	54	21.4347826086957	12	594.347826086957	1.29360746186983
Picea_mature_3488	0	0	0	0	2	0	0	2	5	7	7	3	34	19	12	6	13	2	14	67	13	29	9	10.6086956521739	6	236.249011857708	2.09916230974078
Picea_mature_2673	249	188	162	175	70	12	1	453	590	1389	1365	1922	794	1569	975	809	1505	139	55	490	2546	2953	2729	919.130434782609	590	847423.664031621	1.00310476508085
Picea_mature_1762	10	5	4	5	2	2	0	53	67	120	149	228	86	146	92	90	145	2	61	126	219	265	245	92.2608695652174	86	7472.38339920949	0.877857572653841
Picea_mature_492	4	3	4	1	0	0	0	3	1	3	6	3	3	7	1	6	42	2	25	16	147	172	199	28.1739130434783	3	3426.69565217391	4.31699150281969
Picea_mature_2132	5	2	5	9	4	2	0	9	23	18	11	29	46	47	22	13	40	2	32	85	44	75	46	24.7391304347826	18	567.383399209486	0.927059831733341
Picea_mature_3468	70	64	59	78	27	22	0	71	45	92	84	110	34	95	43	41	191	117	4	12	153	181	197	77.8260869565217	70	3371.42292490119	0.556625176265637
Picea_mature_2760	0	1	2	4	1	0	0	3	7	15	19	20	13	22	13	6	17	0	21	25	100	104	83	20.695652173913	13	960.584980237154	2.24273292204582
Picea_mature_2514	0	1	0	0	1	0	0	1	8	5	6	11	0	5	1	0	0	0	1	5	147	204	171	24.6521739130435	1	3581.32806324111	5.89296226450841
Picea_mature_3765	11	15	14	26	5	0	0	12	0	0	2	2	12	15	1	8	141	14	2	6	2	4	0	12.695652173913	5	829.948616600791	5.14921676418909
Picea_mature_2150	4	2	3	2	1	1	0	19	29	42	50	79	57	57	16	18	55	0	31	126	61	136	124	39.695652173913	29	1819.67588932806	1.15480367606586
Picea_mature_1470	1	1	0	1	0	0	0	0	0	0	2	0	0	0	0	0	7	1	5	3	0	2	0	1	0	3.27272727272727	3.27272727272727
Picea_mature_744	5	3	9	6	3	0	0	12	18	40	42	59	41	50	6	28	28	0	59	70	110	86	108	34.0434782608696	28	1188.3162055336	1.0253311880123
Picea_mature_2572	376	355	296	357	233	50	0	1215	1659	3671	5091	8503	2058	3816	3082	2232	5960	795	583	1170	1597	2233	1752	2047.13043478261	1597	4628299.39130435	1.10441021377707
Picea_mature_561	6	4	6	1	1	0	0	3	2	9	9	11	17	17	9	15	75	5	4	34	10	7	9	11.0434782608696	7	250.770750988142	2.05619888512504
Picea_mature_2480	6	6	2	5	1	0	0	201	234	43	57	41	14	15	10	10	10	0	5	7	981	1264	1523	192.826086956522	10	187601.604743083	5.04550885503068
Picea_mature_2338	17	13	13	11	2	1	0	18	34	84	68	49	10	16	6	12	11	1	2	5	48	95	88	26.2608695652174	13	918.747035573123	1.33222551044412
Picea_mature_2980	160	137	96	107	50	8	1	430	1049	1641	1588	1846	284	801	343	369	1171	3	71	211	2444	2215	2514	762.565217391304	343	736229.347826087	1.26607414885886
Picea_mature_1860	220	185	232	198	141	93	1	768	1894	3292	3944	3547	1098	1590	1035	610	1004	455	506	1840	6716	6349	6267	1825.4347826087	1004	4610792.07509881	1.38370303980966
Picea_mature_772	183	132	156	140	85	68	26	8915	13647	37768	46558	58616	43716	50049	42591	25295	31117	10209	10637	17301	11528	16018	8380	18831.9565217391	11528	361519498.86166	1.01939110723865
Picea_mature_2607	272	225	207	409	230	183	0	293	397	480	487	570	228	290	198	115	127	72	264	216	660	641	684	315.130434782609	264	36977.4822134387	0.372354528091427
Picea_mature_2028	4	3	3	2	2	1	0	5	1	1	2	1	4	6	2	72	170	1	0	0	0	0	0	12.1739130434783	2	1400.33201581028	9.44866883116883
Picea_mature_205	0	0	0	0	0	0	0	1	1	5	3	5	5	6	10	0	15	0	5	11	24	46	32	7.34782608695652	3	139.418972332016	2.58228480668171
Picea_mature_1569	15	8	4	6	4	10	0	27	46	35	39	29	1	4	8	6	8	16	4	8	70	54	90	21.3913043478261	8	581.703557312253	1.27123893605898
Picea_mature_972	7	10	7	8	2	0	0	39	76	73	41	63	71	60	14	2	31	0	21	82	107	138	89	40.9130434782609	31	1610.17391304348	0.961942718138503
Picea_mature_296	16	14	22	13	5	1	1	36	79	215	205	312	216	276	171	80	179	13	42	137	230	215	279	119.869565217391	80	11452.9367588933	0.797074659754798
Picea_mature_1816	0	0	0	1	0	0	0	4	14	98	104	94	23	30	23	27	57	1	14	86	238	285	365	63.6521739130435	23	10041.1462450593	2.47831674376118
Picea_mature_2248	48	26	41	27	9	0	0	117	88	183	164	259	384	354	177	29	146	0	35	136	80	121	112	110.260869565217	88	11559.6561264822	0.950828276432789
Picea_mature_2977	1	0	1	4	1	2	0	20	31	109	114	136	88	130	93	82	93	11	237	535	468	588	380	135.826086956522	88	32762.9683794466	1.77589328177614
Picea_mature_678	6	5	5	6	5	1	0	4	9	6	8	9	9	7	4	4	14	1	10	47	5	16	10	8.30434782608696	6	85.8577075098814	1.24499677291542
Picea_mature_1604	9	20	8	9	3	2	0	7	8	12	1	12	7	10	9	2	7	0	9	9	39	56	69	13.3913043478261	9	308.158102766798	1.71841411245189
Picea_mature_926	0	0	0	0	0	0	0	0	0	1	0	1	0	1	0	1	0	0	0	1	89	114	142	15.2173913043478	0	1625.45059288538	7.01929276437848
Picea_mature_1032	1	1	0	2	3	8	0	15	15	35	51	47	5	8	5	2	28	3	24	85	104	133	117	30.0869565217391	8	1665.90118577075	1.84031734954544
Picea_mature_2524	92	79	91	90	37	19	0	120	173	185	157	267	159	231	112	65	443	97	25	96	436	535	482	173.521739130435	112	24288.0790513834	0.806650457025038
Picea_mature_3365	23	17	14	13	8	0	1	48	90	206	217	267	72	129	85	95	108	9	21	91	194	332	146	95.0434782608696	85	8746.3162055336	0.968234450605842
Picea_mature_1605	9	12	18	30	9	2	0	14	5	3	4	4	7	3	2	10	14	15	0	1	2	1	0	7.17391304347826	4	54.6047430830039	1.06100676183321
Picea_mature_2865	3	1	5	4	0	0	0	10	10	47	64	53	3	19	14	8	10	1	1	2	14	82	52	17.5217391304348	8	575.624505928854	1.874929121147
Picea_mature_3603	0	0	0	0	0	0	0	0	0	0	0	1	0	0	0	1	3	5	16	20	140	143	158	21.1739130434783	0	2517.87747035573	5.61606779055518
Picea_mature_20	2	0	1	0	1	1	0	1	0	0	0	0	6	5	5	32	100	3	1	0	0	0	0	6.8695652173913	1	456.482213438735	9.67309289012542
Picea_mature_2797	50	45	37	77	22	2	0	26	42	42	55	62	10	24	18	3	2	0	6	21	47	38	52	29.6086956521739	26	503.067193675889	0.573835543425483
Picea_mature_1271	4	3	6	1	0	0	0	16	24	85	90	116	39	90	46	33	208	17	8	32	57	147	111	49.2608695652174	32	3114.01976284585	1.28326756289526
Picea_mature_2097	0	0	0	0	0	0	0	1	0	1	8	2	2	5	8	6	35	0	42	60	61	111	71	17.9565217391304	2	929.770750988142	2.88357630796175
Picea_mature_1560	38	20	20	39	29	1	0	103	174	195	178	251	49	74	59	29	35	0	4	12	17	28	39	60.6086956521739	35	4995.06719367589	1.35978879840356
Picea_mature_2226	1	0	0	1	0	0	0	2	1	11	12	10	4	14	10	18	130	0	30	38	55	60	71	20.3478260869565	10	1017.96442687747	2.45864919743125
Picea_mature_3604	0	0	0	0	0	0	0	0	0	0	0	0	0	0	0	0	0	0	0	0	27	24	50	4.39130434782609	0	152.794466403162	7.92356364349306
Picea_mature_735	2	1	1	1	0	0	0	0	1	6	3	4	2	0	1	1	3	0	1	2	101	354	100	25.3913043478261	1	5944.43083003953	9.22019817593272
Picea_mature_3264	129	139	96	84	42	10	0	642	2171	2035	1969	3095	1456	1617	921	491	792	18	473	2007	2733	2857	2587	1146.26086956522	792	1162923.29249012	0.885083277308386
Picea_mature_3277	7	12	11	6	3	1	0	107	157	42	43	48	10	22	24	2	11	1	0	3	5	8	8	23.0869565217391	8	1434.71936758893	2.69174299089075
Picea_mature_1725	11	9	8	4	2	3	0	24	60	127	123	170	64	112	88	34	142	37	14	59	37	34	34	52	34	2584.90909090909	0.955957504034427
Picea_mature_2774	2	1	1	1	1	0	0	11	25	97	80	92	11	28	17	10	17	0	95	148	508	467	376	86.4347826086957	17	22874.347826087	3.06176343776947
Picea_mature_1010	0	0	0	0	0	0	0	1	2	13	27	33	1	4	7	6	1	0	0	2	5	9	6	5.08695652173913	1	74.8102766798419	2.89098081405774
Picea_mature_2177	87	47	89	67	21	9	0	183	253	425	453	674	233	348	204	101	1033	66	104	153	328	303	260	236.565217391304	183	57865.4387351779	1.03399269492038
Picea_mature_3109	6	7	5	4	2	1	2	15	47	68	56	80	17	43	9	23	40	1	510	742	14250	11319	10817	1654.95652173913	23	17546692.1343874	6.40651841580126
Picea_mature_283	0	0	1	0	0	0	0	1	0	0	1	0	0	0	0	0	0	0	9	3	15	14	11	2.39130434782609	0	22.8853754940711	4.00210368144252
Picea_mature_3752	28	20	26	32	10	21	0	14	24	33	33	36	6	12	9	27	42	42	4	16	70	71	155	31.7826086956522	26	1054.26877470356	1.04369177731568
Picea_mature_3777	1	2	1	1	0	0	0	19	18	43	58	47	2	14	3	2	3	1	2	1	27	46	49	14.7826086956522	2	389.177865612648	1.78092639194715
Picea_mature_112	265	268	210	283	151	19	0	330	319	374	318	624	176	336	140	252	238	32	8	18	123	72	128	203.652173913043	210	22648.1462450593	0.546077848625641
Picea_mature_2723	28	18	22	19	11	1	0	36	38	78	63	83	75	88	57	23	100	13	9	76	161	262	215	64.1739130434783	38	4590.87747035573	1.11475302299217
Picea_mature_1361	7	17	2	12	4	2	0	13	7	15	20	26	35	29	11	7	19	1	2	17	27	37	20	14.3478260869565	13	121.782608695652	0.59157943067034
Picea_mature_3454	606	442	264	661	338	42	2	967	1392	1862	1975	1839	239	689	185	333	506	6	118	237	2646	2676	3337	928.782608695652	506	966722.723320158	1.12065975944719
Picea_mature_3027	44	42	29	21	16	6	0	173	479	1296	1345	1720	611	857	428	670	892	74	323	1616	3488	3511	4818	976.478260869565	479	1715642.16996047	1.79929160753739
Picea_mature_43	365	201	279	309	157	14	1	1934	1276	3678	8026	9740	2188	5737	2763	1878	2940	135	517	3997	5716	23609	9881	3710.47826086957	1934	28334306.715415	2.05803524414605
Picea_mature_2241	9	6	9	37	6	1	1	12	8	8	14	20	49	81	55	527	353	34	0	6	3	11	1	54.3913043478261	9	15912.6126482213	5.37876467229675
Picea_mature_2515	7	3	2	6	0	2	3	94	129	498	623	1013	3293	1376	511	306	1627	14	264	7157	20	19	18	738.478260869565	94	2553526.07905138	4.68236071367126
Picea_mature_1316	32	36	33	36	17	4	1	120	314	386	322	439	185	223	108	51	103	5	30	109	246	238	236	142.347826086957	108	17811.418972332	0.879016123811757
Picea_mature_219	25	20	21	33	16	4	0	17	4	0	0	2	2	2	1	20	127	149	0	1	1	0	1	19.3913043478261	2	1510.43083003953	4.01686093170438
